100000000,01,02,03
100000001,01,02,03
100000002,01,02,03
100000003,01,02,03
100000004,01,02,03
100000005,01,02,03
100000006,01,02,03
100000007,01,02,03
100000008,01,02,03
100000009,01,02,03
100000010,01,02,03
100000011,01,02,03
100000012,01,02,03
100000013,01,02,03
100000014,01,02,03
100000015,01,02,03
100000016,01,02,03
100000017,01,02,03
100000018,01,02,03
100000019,01,02,03
100000020,01,02,03
100000021,01,02,03
100000022,01,02,03
100000023,01,02,03
100000024,01,02,03
100000025,01,02,03
100000026,01,02,03
100000027,01,02,03
100000028,01,02,03
100000029,01,02,03
100000030,01,02,03
100000031,01,02,03
100000032,01,02,03
100000033,01,02,03
100000034,01,02,03
100000035,01,02,03
100000036,01,02,03
100000037,01,02,03
100000038,01,02,03
100000039,01,02,03
100000040,01,02,03
100000041,01,02,03
100000042,01,02,03
100000043,01,02,03
100000044,01,02,03
100000045,01,02,03
100000046,01,02,03
100000047,01,02,03
100000048,01,02,03
100000049,01,02,03
100000050,01,02,03
100000051,01,02,03
100000052,01,02,03
100000053,01,02,03
100000054,01,02,03
100000055,01,02,03
100000056,01,02,03
100000057,01,02,03
100000058,01,02,03
100000059,01,02,03
100000060,01,02,03
100000061,01,02,03
100000062,01,02,03
100000063,01,02,03
100000064,01,02,03
100000065,01,02,03
100000066,01,02,03
100000067,01,02,03
100000068,01,02,03
100000069,01,02,03
100000070,01,02,03
100000071,01,02,03
100000072,01,02,03
100000073,01,02,03
100000074,01,02,03
100000075,01,02,03
100000076,01,02,03
100000077,01,02,03
100000078,01,02,03
100000079,01,02,03
100000080,01,02,03
100000081,01,02,03
100000082,01,02,03
100000083,01,02,03
100000084,01,02,03
100000085,01,02,03
100000086,01,02,03
100000087,01,02,03
100000088,01,02,03
100000089,01,02,03
100000090,01,02,03
100000091,01,02,03
100000092,01,02,03
100000093,01,02,03
100000094,01,02,03
100000095,01,02,03
100000096,01,02,03
100000097,01,02,03
100000098,01,02,03
100000099,01,02,03
100000100,01,02,03
100000101,01,02,03
100000102,01,02,03
100000103,01,02,03
100000104,01,02,03
100000105,01,02,03
100000106,01,02,03
100000107,01,02,03
100000108,01,02,03
100000109,01,02,03
100000110,01,02,03
100000111,01,02,03
100000112,01,02,03
100000113,01,02,03
100000114,01,02,03
100000115,01,02,03
100000116,01,02,03
100000117,01,02,03
100000118,01,02,03
100000119,01,02,03
100000120,01,02,03
100000121,01,02,03
100000122,01,02,03
100000123,01,02,03
100000124,01,02,03
100000125,01,02,03
100000126,01,02,03
100000127,01,02,03
100000128,01,02,03
100000129,01,02,03
100000130,01,02,03
100000131,01,02,03
100000132,01,02,03
100000133,01,02,03
100000134,01,02,03
100000135,01,02,03
100000136,01,02,03
100000137,01,02,03
100000138,01,02,03
100000139,01,02,03
100000140,01,02,03
100000141,01,02,03
100000142,01,02,03
100000143,01,02,03
100000144,01,02,03
100000145,01,02,03
100000146,01,02,03
100000147,01,02,03
100000148,01,02,03
100000149,01,02,03
100000150,01,02,03
100000151,01,02,03
100000152,01,02,03
100000153,01,02,03
100000154,01,02,03
100000155,01,02,03
100000156,01,02,03
100000157,01,02,03
100000158,01,02,03
100000159,01,02,03
100000160,01,02,03
100000161,01,02,03
100000162,01,02,03
100000163,01,02,03
100000164,01,02,03
100000165,01,02,03
100000166,01,02,03
100000167,01,02,03
100000168,01,02,03
100000169,01,02,03
100000170,01,02,03
100000171,01,02,03
100000172,01,02,03
100000173,01,02,03
100000174,01,02,03
100000175,01,02,03
100000176,01,02,03
100000177,01,02,03
100000178,01,02,03
100000179,01,02,03
100000180,01,02,03
100000181,01,02,03
100000182,01,02,03
100000183,01,02,03
100000184,01,02,03
100000185,01,02,03
100000186,01,02,03
100000187,01,02,03
100000188,01,02,03
100000189,01,02,03
100000190,01,02,03
100000191,01,02,03
100000192,01,02,03
100000193,01,02,03
100000194,01,02,03
100000195,01,02,03
100000196,01,02,03
100000197,01,02,03
100000198,01,02,03
100000199,01,02,03
100000200,01,02,03
100000201,01,02,03
100000202,01,02,03
100000203,01,02,03
100000204,01,02,03
100000205,01,02,03
100000206,01,02,03
100000207,01,02,03
100000208,01,02,03
100000209,01,02,03
100000210,01,02,03
100000211,01,02,03
100000212,01,02,03
100000213,01,02,03
100000214,01,02,03
100000215,01,02,03
100000216,01,02,03
100000217,01,02,03
100000218,01,02,03
100000219,01,02,03
100000220,01,02,03
100000221,01,02,03
100000222,01,02,03
100000223,01,02,03
100000224,01,02,03
100000225,01,02,03
100000226,01,02,03
100000227,01,02,03
100000228,01,02,03
100000229,01,02,03
100000230,01,02,03
100000231,01,02,03
100000232,01,02,03
100000233,01,02,03
100000234,01,02,03
100000235,01,02,03
100000236,01,02,03
100000237,01,02,03
100000238,01,02,03
100000239,01,02,03
100000240,01,02,03
100000241,01,02,03
100000242,01,02,03
100000243,01,02,03
100000244,01,02,03
100000245,01,02,03
100000246,01,02,03
100000247,01,02,03
100000248,01,02,03
100000249,01,02,03
100000250,01,02,03
100000251,01,02,03
100000252,01,02,03
100000253,01,02,03
100000254,01,02,03
100000255,01,02,03
100000256,01,02,03
100000257,01,02,03
100000258,01,02,03
100000259,01,02,03
100000260,01,02,03
100000261,01,02,03
100000262,01,02,03
100000263,01,02,03
100000264,01,02,03
100000265,01,02,03
100000266,01,02,03
100000267,01,02,03
100000268,01,02,03
100000269,01,02,03
100000270,01,02,03
100000271,01,02,03
100000272,01,02,03
100000273,01,02,03
100000274,01,02,03
100000275,01,02,03
100000276,01,02,03
100000277,01,02,03
100000278,01,02,03
100000279,01,02,03
100000280,01,02,03
100000281,01,02,03
100000282,01,02,03
100000283,01,02,03
100000284,01,02,03
100000285,01,02,03
100000286,01,02,03
100000287,01,02,03
100000288,01,02,03
100000289,01,02,03
100000290,01,02,03
100000291,01,02,03
100000292,01,02,03
100000293,01,02,03
100000294,01,02,03
100000295,01,02,03
100000296,01,02,03
100000297,01,02,03
100000298,01,02,03
100000299,01,02,03
100000300,01,02,03
100000301,01,02,03
100000302,01,02,03
100000303,01,02,03
100000304,01,02,03
100000305,01,02,03
100000306,01,02,03
100000307,01,02,03
100000308,01,02,03
100000309,01,02,03
100000310,01,02,03
100000311,01,02,03
100000312,01,02,03
100000313,01,02,03
100000314,01,02,03
100000315,01,02,03
100000316,01,02,03
100000317,01,02,03
100000318,01,02,03
100000319,01,02,03
100000320,01,02,03
100000321,01,02,03
100000322,01,02,03
100000323,01,02,03
100000324,01,02,03
100000325,01,02,03
100000326,01,02,03
100000327,01,02,03
100000328,01,02,03
100000329,01,02,03
100000330,01,02,03
100000331,01,02,03
100000332,01,02,03
100000333,01,02,03
100000334,01,02,03
100000335,01,02,03
100000336,01,02,03
100000337,01,02,03
100000338,01,02,03
100000339,01,02,03
100000340,01,02,03
100000341,01,02,03
100000342,01,02,03
100000343,01,02,03
100000344,01,02,03
100000345,01,02,03
100000346,01,02,03
100000347,01,02,03
100000348,01,02,03
100000349,01,02,03
100000350,01,02,03
100000351,01,02,03
100000352,01,02,03
100000353,01,02,03
100000354,01,02,03
100000355,01,02,03
100000356,01,02,03
100000357,01,02,03
100000358,01,02,03
100000359,01,02,03
100000360,01,02,03
100000361,01,02,03
100000362,01,02,03
100000363,01,02,03
100000364,01,02,03
100000365,01,02,03
100000366,01,02,03
100000367,01,02,03
100000368,01,02,03
100000369,01,02,03
100000370,01,02,03
100000371,01,02,03
100000372,01,02,03
100000373,01,02,03
100000374,01,02,03
100000375,01,02,03
100000376,01,02,03
100000377,01,02,03
100000378,01,02,03
100000379,01,02,03
100000380,01,02,03
100000381,01,02,03
100000382,01,02,03
100000383,01,02,03
100000384,01,02,03
100000385,01,02,03
100000386,01,02,03
100000387,01,02,03
100000388,01,02,03
100000389,01,02,03
100000390,01,02,03
100000391,01,02,03
100000392,01,02,03
100000393,01,02,03
100000394,01,02,03
100000395,01,02,03
100000396,01,02,03
100000397,01,02,03
100000398,01,02,03
100000399,01,02,03
100000400,01,02,03
100000401,01,02,03
100000402,01,02,03
100000403,01,02,03
100000404,01,02,03
100000405,01,02,03
100000406,01,02,03
100000407,01,02,03
100000408,01,02,03
100000409,01,02,03
100000410,01,02,03
100000411,01,02,03
100000412,01,02,03
100000413,01,02,03
100000414,01,02,03
100000415,01,02,03
100000416,01,02,03
100000417,01,02,03
100000418,01,02,03
100000419,01,02,03
100000420,01,02,03
100000421,01,02,03
100000422,01,02,03
100000423,01,02,03
100000424,01,02,03
100000425,01,02,03
100000426,01,02,03
100000427,01,02,03
100000428,01,02,03
100000429,01,02,03
100000430,01,02,03
100000431,01,02,03
100000432,01,02,03
100000433,01,02,03
100000434,01,02,03
100000435,01,02,03
100000436,01,02,03
100000437,01,02,03
100000438,01,02,03
100000439,01,02,03
100000440,01,02,03
100000441,01,02,03
100000442,01,02,03
100000443,01,02,03
100000444,01,02,03
100000445,01,02,03
100000446,01,02,03
100000447,01,02,03
100000448,01,02,03
100000449,01,02,03
100000450,01,02,03
100000451,01,02,03
100000452,01,02,03
100000453,01,02,03
100000454,01,02,03
100000455,01,02,03
100000456,01,02,03
100000457,01,02,03
100000458,01,02,03
100000459,01,02,03
100000460,01,02,03
100000461,01,02,03
100000462,01,02,03
100000463,01,02,03
100000464,01,02,03
100000465,01,02,03
100000466,01,02,03
100000467,01,02,03
100000468,01,02,03
100000469,01,02,03
100000470,01,02,03
100000471,01,02,03
100000472,01,02,03
100000473,01,02,03
100000474,01,02,03
100000475,01,02,03
100000476,01,02,03
100000477,01,02,03
100000478,01,02,03
100000479,01,02,03
100000480,01,02,03
100000481,01,02,03
100000482,01,02,03
100000483,01,02,03
100000484,01,02,03
100000485,01,02,03
100000486,01,02,03
100000487,01,02,03
100000488,01,02,03
100000489,01,02,03
100000490,01,02,03
100000491,01,02,03
100000492,01,02,03
100000493,01,02,03
100000494,01,02,03
100000495,01,02,03
100000496,01,02,03
100000497,01,02,03
100000498,01,02,03
100000499,01,02,03
100000500,01,02,03
100000501,01,02,03
100000502,01,02,03
100000503,01,02,03
100000504,01,02,03
100000505,01,02,03
100000506,01,02,03
100000507,01,02,03
100000508,01,02,03
100000509,01,02,03
100000510,01,02,03
100000511,01,02,03
100000512,01,02,03
100000513,01,02,03
100000514,01,02,03
100000515,01,02,03
100000516,01,02,03
100000517,01,02,03
100000518,01,02,03
100000519,01,02,03
100000520,01,02,03
100000521,01,02,03
100000522,01,02,03
100000523,01,02,03
100000524,01,02,03
100000525,01,02,03
100000526,01,02,03
100000527,01,02,03
100000528,01,02,03
100000529,01,02,03
100000530,01,02,03
100000531,01,02,03
100000532,01,02,03
100000533,01,02,03
100000534,01,02,03
100000535,01,02,03
100000536,01,02,03
100000537,01,02,03
100000538,01,02,03
100000539,01,02,03
100000540,01,02,03
100000541,01,02,03
100000542,01,02,03
100000543,01,02,03
100000544,01,02,03
100000545,01,02,03
100000546,01,02,03
100000547,01,02,03
100000548,01,02,03
100000549,01,02,03
100000550,01,02,03
100000551,01,02,03
100000552,01,02,03
100000553,01,02,03
100000554,01,02,03
100000555,01,02,03
100000556,01,02,03
100000557,01,02,03
100000558,01,02,03
100000559,01,02,03
100000560,01,02,03
100000561,01,02,03
100000562,01,02,03
100000563,01,02,03
100000564,01,02,03
100000565,01,02,03
100000566,01,02,03
100000567,01,02,03
100000568,01,02,03
100000569,01,02,03
100000570,01,02,03
100000571,01,02,03
100000572,01,02,03
100000573,01,02,03
100000574,01,02,03
100000575,01,02,03
100000576,01,02,03
100000577,01,02,03
100000578,01,02,03
100000579,01,02,03
100000580,01,02,03
100000581,01,02,03
100000582,01,02,03
100000583,01,02,03
100000584,01,02,03
100000585,01,02,03
100000586,01,02,03
100000587,01,02,03
100000588,01,02,03
100000589,01,02,03
100000590,01,02,03
100000591,01,02,03
100000592,01,02,03
100000593,01,02,03
100000594,01,02,03
100000595,01,02,03
100000596,01,02,03
100000597,01,02,03
100000598,01,02,03
100000599,01,02,03
100000600,01,02,03
100000601,01,02,03
100000602,01,02,03
100000603,01,02,03
100000604,01,02,03
100000605,01,02,03
100000606,01,02,03
100000607,01,02,03
100000608,01,02,03
100000609,01,02,03
100000610,01,02,03
100000611,01,02,03
100000612,01,02,03
100000613,01,02,03
100000614,01,02,03
100000615,01,02,03
100000616,01,02,03
100000617,01,02,03
100000618,01,02,03
100000619,01,02,03
100000620,01,02,03
100000621,01,02,03
100000622,01,02,03
100000623,01,02,03
100000624,01,02,03
100000625,01,02,03
100000626,01,02,03
100000627,01,02,03
100000628,01,02,03
100000629,01,02,03
100000630,01,02,03
100000631,01,02,03
100000632,01,02,03
100000633,01,02,03
100000634,01,02,03
100000635,01,02,03
100000636,01,02,03
100000637,01,02,03
100000638,01,02,03
100000639,01,02,03
100000640,01,02,03
100000641,01,02,03
100000642,01,02,03
100000643,01,02,03
100000644,01,02,03
100000645,01,02,03
100000646,01,02,03
100000647,01,02,03
100000648,01,02,03
100000649,01,02,03
100000650,01,02,03
100000651,01,02,03
100000652,01,02,03
100000653,01,02,03
100000654,01,02,03
100000655,01,02,03
100000656,01,02,03
100000657,01,02,03
100000658,01,02,03
100000659,01,02,03
100000660,01,02,03
100000661,01,02,03
100000662,01,02,03
100000663,01,02,03
100000664,01,02,03
100000665,01,02,03
100000666,01,02,03
100000667,01,02,03
100000668,01,02,03
100000669,01,02,03
100000670,01,02,03
100000671,01,02,03
100000672,01,02,03
100000673,01,02,03
100000674,01,02,03
100000675,01,02,03
100000676,01,02,03
100000677,01,02,03
100000678,01,02,03
100000679,01,02,03
100000680,01,02,03
100000681,01,02,03
100000682,01,02,03
100000683,01,02,03
100000684,01,02,03
100000685,01,02,03
100000686,01,02,03
100000687,01,02,03
100000688,01,02,03
100000689,01,02,03
100000690,01,02,03
100000691,01,02,03
100000692,01,02,03
100000693,01,02,03
100000694,01,02,03
100000695,01,02,03
100000696,01,02,03
100000697,01,02,03
100000698,01,02,03
100000699,01,02,03
100000700,01,02,03
100000701,01,02,03
100000702,01,02,03
100000703,01,02,03
100000704,01,02,03
100000705,01,02,03
100000706,01,02,03
100000707,01,02,03
100000708,01,02,03
100000709,01,02,03
100000710,01,02,03
100000711,01,02,03
100000712,01,02,03
100000713,01,02,03
100000714,01,02,03
100000715,01,02,03
100000716,01,02,03
100000717,01,02,03
100000718,01,02,03
100000719,01,02,03
100000720,01,02,03
100000721,01,02,03
100000722,01,02,03
100000723,01,02,03
100000724,01,02,03
100000725,01,02,03
100000726,01,02,03
100000727,01,02,03
100000728,01,02,03
100000729,01,02,03
100000730,01,02,03
100000731,01,02,03
100000732,01,02,03
100000733,01,02,03
100000734,01,02,03
100000735,01,02,03
100000736,01,02,03
100000737,01,02,03
100000738,01,02,03
100000739,01,02,03
100000740,01,02,03
100000741,01,02,03
100000742,01,02,03
100000743,01,02,03
100000744,01,02,03
100000745,01,02,03
100000746,01,02,03
100000747,01,02,03
100000748,01,02,03
100000749,01,02,03
100000750,01,02,03
100000751,01,02,03
100000752,01,02,03
100000753,01,02,03
100000754,01,02,03
100000755,01,02,03
100000756,01,02,03
100000757,01,02,03
100000758,01,02,03
100000759,01,02,03
100000760,01,02,03
100000761,01,02,03
100000762,01,02,03
100000763,01,02,03
100000764,01,02,03
100000765,01,02,03
100000766,01,02,03
100000767,01,02,03
100000768,01,02,03
100000769,01,02,03
100000770,01,02,03
100000771,01,02,03
100000772,01,02,03
100000773,01,02,03
100000774,01,02,03
100000775,01,02,03
100000776,01,02,03
100000777,01,02,03
100000778,01,02,03
100000779,01,02,03
100000780,01,02,03
100000781,01,02,03
100000782,01,02,03
100000783,01,02,03
100000784,01,02,03
100000785,01,02,03
100000786,01,02,03
100000787,01,02,03
100000788,01,02,03
100000789,01,02,03
100000790,01,02,03
100000791,01,02,03
100000792,01,02,03
100000793,01,02,03
100000794,01,02,03
100000795,01,02,03
100000796,01,02,03
100000797,01,02,03
100000798,01,02,03
100000799,01,02,03
100000800,01,02,03
100000801,01,02,03
100000802,01,02,03
100000803,01,02,03
100000804,01,02,03
100000805,01,02,03
100000806,01,02,03
100000807,01,02,03
100000808,01,02,03
100000809,01,02,03
100000810,01,02,03
100000811,01,02,03
100000812,01,02,03
100000813,01,02,03
100000814,01,02,03
100000815,01,02,03
100000816,01,02,03
100000817,01,02,03
100000818,01,02,03
100000819,01,02,03
100000820,01,02,03
100000821,01,02,03
100000822,01,02,03
100000823,01,02,03
100000824,01,02,03
100000825,01,02,03
100000826,01,02,03
100000827,01,02,03
100000828,01,02,03
100000829,01,02,03
100000830,01,02,03
100000831,01,02,03
100000832,01,02,03
100000833,01,02,03
100000834,01,02,03
100000835,01,02,03
100000836,01,02,03
100000837,01,02,03
100000838,01,02,03
100000839,01,02,03
100000840,01,02,03
100000841,01,02,03
100000842,01,02,03
100000843,01,02,03
100000844,01,02,03
100000845,01,02,03
100000846,01,02,03
100000847,01,02,03
100000848,01,02,03
100000849,01,02,03
100000850,01,02,03
100000851,01,02,03
100000852,01,02,03
100000853,01,02,03
100000854,01,02,03
100000855,01,02,03
100000856,01,02,03
100000857,01,02,03
100000858,01,02,03
100000859,01,02,03
100000860,01,02,03
100000861,01,02,03
100000862,01,02,03
100000863,01,02,03
100000864,01,02,03
100000865,01,02,03
100000866,01,02,03
100000867,01,02,03
100000868,01,02,03
100000869,01,02,03
100000870,01,02,03
100000871,01,02,03
100000872,01,02,03
100000873,01,02,03
100000874,01,02,03
100000875,01,02,03
100000876,01,02,03
100000877,01,02,03
100000878,01,02,03
100000879,01,02,03
100000880,01,02,03
100000881,01,02,03
100000882,01,02,03
100000883,01,02,03
100000884,01,02,03
100000885,01,02,03
100000886,01,02,03
100000887,01,02,03
100000888,01,02,03
100000889,01,02,03
100000890,01,02,03
100000891,01,02,03
100000892,01,02,03
100000893,01,02,03
100000894,01,02,03
100000895,01,02,03
100000896,01,02,03
100000897,01,02,03
100000898,01,02,03
100000899,01,02,03
100000900,01,02,03
100000901,01,02,03
100000902,01,02,03
100000903,01,02,03
100000904,01,02,03
100000905,01,02,03
100000906,01,02,03
100000907,01,02,03
100000908,01,02,03
100000909,01,02,03
100000910,01,02,03
100000911,01,02,03
100000912,01,02,03
100000913,01,02,03
100000914,01,02,03
100000915,01,02,03
100000916,01,02,03
100000917,01,02,03
100000918,01,02,03
100000919,01,02,03
100000920,01,02,03
100000921,01,02,03
100000922,01,02,03
100000923,01,02,03
100000924,01,02,03
100000925,01,02,03
100000926,01,02,03
100000927,01,02,03
100000928,01,02,03
100000929,01,02,03
100000930,01,02,03
100000931,01,02,03
100000932,01,02,03
100000933,01,02,03
100000934,01,02,03
100000935,01,02,03
100000936,01,02,03
100000937,01,02,03
100000938,01,02,03
100000939,01,02,03
100000940,01,02,03
100000941,01,02,03
100000942,01,02,03
100000943,01,02,03
100000944,01,02,03
100000945,01,02,03
100000946,01,02,03
100000947,01,02,03
100000948,01,02,03
100000949,01,02,03
100000950,01,02,03
100000951,01,02,03
100000952,01,02,03
100000953,01,02,03
100000954,01,02,03
100000955,01,02,03
100000956,01,02,03
100000957,01,02,03
100000958,01,02,03
100000959,01,02,03
100000960,01,02,03
100000961,01,02,03
100000962,01,02,03
100000963,01,02,03
100000964,01,02,03
100000965,01,02,03
100000966,01,02,03
100000967,01,02,03
100000968,01,02,03
100000969,01,02,03
100000970,01,02,03
100000971,01,02,03
100000972,01,02,03
100000973,01,02,03
100000974,01,02,03
100000975,01,02,03
100000976,01,02,03
100000977,01,02,03
100000978,01,02,03
100000979,01,02,03
100000980,01,02,03
100000981,01,02,03
100000982,01,02,03
100000983,01,02,03
100000984,01,02,03
100000985,01,02,03
100000986,01,02,03
100000987,01,02,03
100000988,01,02,03
100000989,01,02,03
100000990,01,02,03
100000991,01,02,03
100000992,01,02,03
100000993,01,02,03
100000994,01,02,03
100000995,01,02,03
100000996,01,02,03
100000997,01,02,03
100000998,01,02,03
100000999,01,02,03
